Home,Visitor,Line,AVG,CAL,MASS,ESPN,TRKS,MOR,DD,TALR,DOK,VSS,DUNK,DONC
Arizona,Bethune Cookman,38.00,37.26,38.63,39.08,32.20,34.40,37.86,34.00,34.80,36.42,45.75,32.48,45.60
BYU,Eastern Washington,35.50,32.43,35.42,26.20,30.52,31.40,36.27,33.00,30.30,32.17,36.34,26.96,41.10
Boston College,Fairleigh Dickinson,15.50,17.41,15.64,16.45,13.93,17.80,19.14,16.00,11.79,15.34,23.97,16.36,23.30
Butler,NJIT,31.50,30.32,31.90,31.74,29.95,29.30,29.32,27.00,27.77,30.56,36.72,27.28,33.60
CS Northridge,CS Sacramento,10.00,9.27,10.08,6.21,8.45,6.30,11.18,12.00,14.01,5.50,3.46,17.19,8.40
Creighton,Utah Tech,19.50,21.80,19.89,23.88,22.04,21.30,14.91,13.00,25.86,22.70,23.31,27.40,23.60
Duquesne,Canisius,20.00,16.84,20.16,16.25,15.45,17.30,13.36,16.00,19.11,15.31,19.70,19.17,16.70
Florida St.,Jacksonville,26.00,17.21,25.27,17.74,13.40,16.80,12.92,17.00,15.96,19.22,23.32,15.29,20.50
Fordham,New Haven,14.50,13.34,14.68,19.40,10.20,12.20,14.44,,16.00,11.25,10.45,,12.80
Georgetown,Coppin St.,33.00,31.38,33.31,30.04,30.55,30.00,29.53,28.00,30.05,29.33,36.94,29.55,39.80
Georgia,West Georgia,35.00,31.07,34.69,34.63,29.65,31.80,29.50,24.00,33.25,30.00,37.59,30.69,29.60
Grand Canyon,IU Indianapolis,23.50,22.81,23.85,24.01,20.89,23.50,25.14,21.00,18.10,21.62,27.70,23.12,23.00
High Point,Bryant,19.50,18.02,19.74,10.96,21.73,18.30,24.02,25.00,12.72,18.79,19.08,8.75,20.90
Indiana,Siena,22.50,21.07,22.77,24.22,23.91,22.30,19.25,5.00,21.60,22.81,26.77,22.77,22.10
Kansas,Davidson,16.50,18.17,16.70,17.65,18.55,20.80,18.82,9.00,21.91,18.85,18.15,18.80,19.20
LSU,Prairie View,29.00,28.26,29.45,30.01,25.61,27.00,20.92,22.00,27.48,27.47,33.71,32.52,35.90
Memphis,Alabama St.,20.00,20.35,20.33,23.53,19.95,19.00,17.34,15.00,18.90,19.24,23.23,25.90,21.40
Missouri,Illinois,-9.00,-6.72,-9.35,-5.39,-5.00,-7.80,-7.52,2.00,-3.81,-7.30,-14.90,-5.14,-12.30
Norfolk St.,UC Irvine,-10.00,-8.66,-10.94,-4.09,-6.70,-11.51,-8.00,-7.69,-9.71,-8.71,-12.90
North Carolina,East Carolina,25.50,25.88,26.03,24.34,24.84,27.50,27.39,24.00,25.96,25.50,30.97,18.14,30.20
Oklahoma,Stetson,31.00,28.97,31.21,29.85,30.85,28.10,26.12,19.00,32.88,30.56,31.13,28.86,32.30
Oral Roberts,Texas Arlington,-3.50,-3.52,-3.06,-2.41,-3.63,-2.70,-6.02,1.00,-4.94,-2.32,-2.88,-5.78,-5.50
Rhode Island,Northeastern,11.00,11.24,11.02,6.92,13.13,10.50,11.48,17.00,7.36,9.90,13.07,9.69,13.30
South Carolina,South Carolina St.,31.50,27.05,31.18,26.97,28.17,27.60,30.90,28.00,18.02,25.65,36.98,17.79,30.40
St. Joseph's PA,Coastal Carolina,8.50,10.02,8.27,12.37,6.30,6.30,3.62,7.00,16.34,8.53,5.13,21.02,9.90
St. Mary's,Northern Iowa,12.50,12.30,12.60,11.63,10.60,10.40,11.84,13.00,12.46,13.26,12.29,15.71,11.80
Syracuse,Stonehill,23.00,24.63,23.56,26.00,21.93,22.70,27.34,21.00,19.26,25.64,27.81,20.26,34.40
Temple,Princeton,10.00,10.42,9.96,7.84,12.34,10.50,12.24,15.00,6.96,9.49,12.86,5.56,11.40
Texas,Md. Eastern Shore,33.00,32.37,33.56,36.81,29.24,30.60,28.10,23.00,33.84,32.55,34.27,37.92,37.40
Texas San Antonio,Seattle,-8.50,-7.90,-9.58,-5.44,-4.71,-7.70,-7.09,-13.00,-3.47,-7.32,-18.72,-0.08,-11.50
Texas Southern,Abilene Christian,-4.00,-4.46,-3.57,-3.89,-0.45,-3.20,-6.55,-8.00,-1.25,-3.32,-8.20,-1.38,-8.40
Towson,Sacred Heart,12.00,11.26,12.12,10.09,10.28,11.20,10.96,12.00,9.04,11.31,14.25,10.03,13.40
Tulsa,Denver,16.50,16.66,16.70,10.91,18.27,18.70,22.43,20.00,11.17,16.60,22.30,9.57,16.60
UC Santa Barbara,Portland,9.50,7.92,9.66,6.24,13.66,8.60,9.66,-2.00,10.88,6.19,4.89,9.97,8.20
UTEP,North Dakota St.,-3.00,-3.25,-2.25,0.63,-2.59,-1.50,-5.88,-11.00,-1.41,0.09,-2.70,3.03,-11.20
VA Commonwealth,Rider,29.50,31.64,30.51,25.84,29.46,30.40,32.51,33.00,27.38,29.67,39.62,24.69,43.80
Virginia,American,28.00,31.17,27.40,21.07,19.40,23.00,20.01,19.00,16.64,26.46,25.07,14.95,26.10
Washington,San Diego,19.50,18.24,19.75,16.35,17.74,20.70,13.81,16.00,18.59,20.68,19.95,18.16,20.40
West Virginia,Miss Valley St.,41.00,41.81,42.25,43.00,42.93,39.80,39.25,27.00,47.21,38.00,43.56,47.62,49.70
Western Illinois,SIU Edwardsville,-6.50,-5.52,-7.06,-3.64,-5.34,-5.80,-11.05,4.00,-7.76,-5.98,-7.67,-3.64,-8.30
Wisconsin,Central Michigan,29.50,27.02,29.63,26.29,26.80,26.30,28.08,19.00,26.27,28.26,31.67,27.92,29.60
Wright St.,Eastern Michigan,8.00,7.16,8.06,7.18,10.00,9.50,9.84,-4.00,6.90,6.30,8.98,9.99,6.90
